A: -0.000140
B: -0.003786
C: -0.000988
D: 0.999992

//Delete this line
